Arreglo 1 (tamaño 18): [-5, -1, 0, -2, -1, 4, 1, -3, 0, -4, 1, -1, 3, 5, -3, 4, 3, -3]
Resultado algoritmo: 1
--------------------------------------------------
Arreglo 2 (tamaño 16): [-4, 3, 1, 4, 3, -3, -3, -2, -4, -2, 0, 0, -5, 2, 0, -5]
Resultado algoritmo: 2
--------------------------------------------------
Arreglo 3 (tamaño 18): [-5, -5, 5, -3, 4, -3, -1, -4, 5, 1, -4, 5, 4, -3, 1, -2, 3, 4]
Resultado algoritmo: 1
--------------------------------------------------
Arreglo 4 (tamaño 15): [-5, -2, -4, 2, -2, 3, 5, -3, -1, 4, 1, 3, -3, -5, -3]
Resultado algoritmo: 1
--------------------------------------------------
Arreglo 5 (tamaño 14): [-5, -3, -2, 0, 3, 0, -3, 1, 0, -5, -5, -5, 2, -4]
Resultado algoritmo: 2
--------------------------------------------------
Arreglo 6 (tamaño 17): [-3, -5, 0, -2, 5, 3, -4, 2, 4, -5, -5, 5, 2, 0, 4, 1, 3]
Resultado algoritmo: 1
--------------------------------------------------
Arreglo 7 (tamaño 11): [0, 5, -4, 3, -3, -4, 2, -3, 0, -2, -2]
Resultado algoritmo: 1
--------------------------------------------------
Arreglo 8 (tamaño 10): [-3, -1, -3, 3, -4, 3, -5, -3, -5, 5]
Resultado algoritmo: 1
--------------------------------------------------
Arreglo 9 (tamaño 20): [-3, 4, -4, -1, 3, 1, -4, 2, 1, -3, -2, -3, -5, 0, 0, -3, 1, -3, -3, 4]
Resultado algoritmo: 3
--------------------------------------------------
Arreglo 10 (tamaño 12): [1, 3, 1, 0, -4, -4, 5, 2, -2, 5, 4, 4]
Resultado algoritmo: 1
--------------------------------------------------
Arreglo 11 (tamaño 11): [-3, 3, -2, 0, 4, -1, -3, 3, 3, 5, -5]
Resultado algoritmo: 1
--------------------------------------------------
Arreglo 12 (tamaño 13): [1, -5, 0, 3, 3, 4, -4, 5, -4, -3, 0, 5, -5]
Resultado algoritmo: 1
--------------------------------------------------
Arreglo 13 (tamaño 13): [2, 5, 0, 1, -1, 2, 4, -1, -1, 2, 2, -5, -1]
Resultado algoritmo: 1
--------------------------------------------------
Arreglo 14 (tamaño 19): [-5, -2, 0, -3, -5, 5, 5, -4, -5, -4, 4, -2, 1, 2, -3, -1, 0, -2, -1]
Resultado algoritmo: 2
--------------------------------------------------
Arreglo 15 (tamaño 15): [1, -4, 4, -1, 0, -5, 1, -2, -3, -4, -3, -1, -2, 0, 1]
Resultado algoritmo: 2
--------------------------------------------------
Arreglo 16 (tamaño 11): [-5, -3, -4, 3, -5, 0, 1, 0, -5, -2, -4]
Resultado algoritmo: 1
--------------------------------------------------
Arreglo 17 (tamaño 20): [-3, 4, -2, -1, 4, 3, 0, -3, -1, -5, -4, -4, 3, -2, 3, 3, 5, 1, 3, -5]
Resultado algoritmo: 1
--------------------------------------------------
Arreglo 18 (tamaño 9): [4, 3, 0, 4, -3, 2, 1, 2, -5]
Resultado algoritmo: 1
--------------------------------------------------
Arreglo 19 (tamaño 16): [5, -5, 1, 0, 5, 3, 5, 4, -5, 0, 2, 2, -5, 0, 0, 1]
Resultado algoritmo: 1
--------------------------------------------------
Arreglo 20 (tamaño 14): [-3, 1, 4, 4, -5, 4, -4, 2, -4, -4, 4, -3, -5, -5]
Resultado algoritmo: 2
--------------------------------------------------
